data/data_IGM-A1_Vehicle_open_20211217-nsh/codg3510.21i
     1.0            IONOSPHERE MAPS     GNSS                IONEX VERSION / TYPE
ADDNEQ2 V5.3        AIUB                21-DEC-21 21:41     PGM / RUN BY / DATE 
CODE'S GLOBAL IONOSPHERE MAPS FOR DAY 351, 2021             COMMENT             
Global ionosphere maps (GIM) are generated on a daily basis DESCRIPTION         
at CODE using data from about 300 GNSS sites of the IGS and DESCRIPTION         
other institutions. The vertical total electron content     DESCRIPTION         
(VTEC) is modeled in a solar-geomagnetic reference frame    DESCRIPTION         
using a spherical harmonics expansion up to degree and      DESCRIPTION         
order 15. Piece-wise linear functions are used for          DESCRIPTION         
representation in the time domain. The time spacing of      DESCRIPTION         
their vertices is 1 hour, conforming with the epochs of the DESCRIPTION         
VTEC maps.                                                  DESCRIPTION         
To convert line-of-sight TEC into vertical TEC, a modified  DESCRIPTION         
single-layer model mapping function approximating the JPL   DESCRIPTION         
extended slab model mapping function is adopted. The        DESCRIPTION         
mapping function is evaluated at geodetic satellite         DESCRIPTION         
elevation angles. For the computation of the ionospheric    DESCRIPTION         
pierce points, a spherical layer with a radius of 6821 km   DESCRIPTION         
is assumed, implying geocentric, not geodetic IONEX         DESCRIPTION         
latitudes.                                                  DESCRIPTION         
Instrumental biases with respect to each involved GNSS code DESCRIPTION         
observable are estimated as constant values for each        DESCRIPTION         
day. They are modeled with one set of bias parameters for   DESCRIPTION         
each satellite and each station in case of GPS and for each DESCRIPTION         
satellite-station link in case of GLONASS. The code bias    DESCRIPTION         
datum is defined by zero-mean conditions imposed on the     DESCRIPTION         
satellite bias estimates. In this file, just GPS C1W-C2W    DESCRIPTION         
satellite and station bias values are included. The         DESCRIPTION         
complete set of GNSS code bias results is provided in an    DESCRIPTION         
additional Bias-SINEX file as pseudo-absolute values        DESCRIPTION         
specific to each observable.                                DESCRIPTION         
Note: These GIM results correspond to the results for the   DESCRIPTION         
middle day of a 3-day combination analysis solving for 73   DESCRIPTION         
times 256, or 18688 VTEC parameters and 3 daily sets of     DESCRIPTION         
GNSS code bias parameters.                                  DESCRIPTION         
Contact address: code(at)aiub.unibe.ch                      DESCRIPTION         
Data archive:    ftp.aiub.unibe.ch/CODE/                    DESCRIPTION         
                 www.aiub.unibe.ch/download/CODE/           DESCRIPTION         
  2021    12    17     0     0     0                        EPOCH OF FIRST MAP  
  2021    12    18     0     0     0                        EPOCH OF LAST MAP   
  3600                                                      INTERVAL            
[...]
bake bako barh bjfs bndy bogo bogt bor1 brft brst brux bshm COMMENT             
cags cas1 ccj2 cedu chpg chpi chti chur ckis coco cord cpvg COMMENT             
cro1 daej darw dav1 dgar dhlg drao dubo ebre faa1 fair flin COMMENT             
flrs frdn func ganp glps glsv gode godz gol2 gold gope gras COMMENT             
graz guat guug harb hers hert hlfx hnlc hnpt hob2 hofn holb COMMENT             
hyde ieng iisc ineg invk iqal jog2 joz2 joze karr kerg kir0 COMMENT             
kiru kit3 kokb kokv koug kour krgg laut lmmf lpal lpgs m0se COMMENT             
mac1 madr mal2 mana mas1 mat1 mate maui maw1 mcil mcm4 mdo1 COMMENT             
mdvj medi mets mgue mizu mkea mobj mobs monp morp mqzg mro1 COMMENT             
mtka nano nico nist nklg nlib nnor not1 nrc1 ntus nya1 nyal COMMENT             
ohi2 onsa opmt ous2 pado parc park pdel penc pert pie1 pimo COMMENT             
pohn pol2 polv pots prds ptag ptbb ptvl qaq1 quin ramo rbay COMMENT             
reun reyk rgdg rio2 riop samo sant sch2 scor scrz sctb scub COMMENT             
seyg smst sofi spt0 ssia sthl stjo stk2 str2 suth sutm suwn COMMENT             
sydn syog tabl tabv tash tehn thtg thti thu2 tid1 tidb tixg COMMENT             
tlse tnml tong tow2 tro1 tsea tskb tuva twtf uclu ulab unb3 COMMENT             
unbj unbn unsa urum usn7 usud vald vill voim wark wes2 wgtn COMMENT             
whit will wind wsrt wtza wtzl wtzr wtzs wtzz wuhn xmis yakt COMMENT             
yar2 yar3 yarr yell ykro yssk zamb zeck zim2 zim3 zimm      COMMENT             
                                                            END OF HEADER       
[from data line 8151]
    20                                                      START OF TEC MAP    
  2021    12    17    19     0     0                        EPOCH OF CURRENT MAP
    87.5-180.0 180.0   5.0 450.0                            LAT/LON1/LON2/DLON/H
   19   19   19   20   20   20   21   21   21   21   21   21   22   22   22   22
   21   21   21   21   21   21   21   20   20   20   20   20   19   19   19   19
   18   18   18   17   17   17   16   16   16   15   15   15   14   14   14   14
   14   13   13   13   13   13   13   13   13   14   14   14   14   15   15   15
   16   16   16   17   17   18   18   18   19
    85.0-180.0 180.0   5.0 450.0                            LAT/LON1/LON2/DLON/H
   18   18   19   19   20   21   21   22   22   23   23   24   24   24   24   24
   23   23   23   22   22   21   21   20   20   19   19   19   19   18   18   18
   18   18   17   17   16   16   15   15   14   13   12   11   11   10    9    9
    8    8    7    7    7    7    7    8    8    8    9    9   10   11   11   12
   13   13   14   14   15   16   16   17   18
    82.5-180.0 180.0   5.0 450.0                            LAT/LON1/LON2/DLON/H
   15   15   16   17   18   19   20   21   22   23   24   25   25   26   26   25
   25   24   23   22   21   20   19   19   18   17   17   17   17   17   17   17
   18   18   18   18   17   17   16   15   13   12   11    9    8    6    5    4
    3    3    2    2    2    2    3    3    4    4    5    6    7    8    8    9
   10   11   11   12   12   13   14   14   15
    80.0-180.0 180.0   5.0 450.0                            LAT/LON1/LON2/DLON/H
   11   12   12   13   15   16   18   20   22   24   25   27   28   29   29   29
   28   27   26   24   22   20   19   17   16   15   15   15   15   15   16   17
   18   19   19   20   19   19   18   16   15   13   11    8    6    5    3    2
    1    0    0    0    0    0    1    1    2    3    4    5    6    7    8    8
    9    9   10   10   10   10   11   11   11
    77.5-180.0 180.0   5.0 450.0                            LAT/LON1/LON2/DLON/H
    8    8    8    9   11   13   15   18   21   25   28   30   32   34   35   35
   34   33   31   29   26   23   21   19   17   15   14   14   14   15   16   18
   19   21   22   22   22   22   21   19   17   14   12    9    7    5    3    2
    2    1    1    1    2    2    3    3    4    5    5    6    7    8    9    9
   10   10   10   10    9    9    8    8    8
    75.0-180.0 180.0   5.0 450.0                            LAT/LON1/LON2/DLON/H
    6    6    6    6    8   10   14   18   22   27   31   35   39   41   43   44
   43   42   40   37   34   31   28   24   21   19   17   16   16   16   17   19
   20   22   24   25   25   24   23   21   19   16   13   11    8    7    6    6
    6    6    7    7    7    8    8    8    8    9    9   10   10   11   11   12
   12   12   12   11   10    9    8    7    6
    72.5-180.0 180.0   5.0 450.0                            LAT/LON1/LON2/DLON/H
    7    6    6    6    8   10   14   19   25   31   37   42   47   51   54   55
   56   55   53   50   47   43   39   35   31   27   24   22   20   19   19   20
   21   22   24   25   25   25   23   21   19   16   14   12   11   10   10   11
   13   14   15   16   16   16   15   15   14   14   13   13   14   14   15   15
   15   15   15   14   13   12   10    9    7
    70.0-180.0 180.0   5.0 450.0                            LAT/LON1/LON2/DLON/H
   12   10    9    9   11   13   17   23   29   36   44   51   57   62   66   68
   70   70   68   66   63   59   55   50   45   40   35   30   26   23   21   20
   20   21   22   22   22   22   21   19   17   15   13   12   12   13   15   18
   20   23   24   25   25   24   22   20   19   17   17   16   16   17   17   18
   18   18   18   18   17   16   15   13   12
    67.5-180.0 180.0   5.0 450.0                            LAT/LON1/LON2/DLON/H
   18   17   16   16   17   20   24   30   37   44   52   60   67   73   78   82
   84   85   84   83   80   77   72   67   61   54   47   41   34   28   24   20
   18   17   17   17   17   16   15   14   13   12   11   11   13   15   19   23
   27   30   32   32   31   29   26   24   21   19   18   17   18   18   19   20
   20   21   21   21   21   21   21   20   18
    65.0-180.0 180.0   5.0 450.0                            LAT/LON1/LON2/DLON/H
   26   26   25   25   26   29   33   39   46   54   62   70   78   84   89   94
   96   98   98   97   95   92   88   83   76   69   60   51   42   34   26   20
   16   13   11   10    9    9    9    8    8    8    9   10   12   16   21   25
   30   33   35   35   34   31   27   23   20   18   17   17   18   19   20   21
   21   22   23   24   25   26   26   27   26
    62.5-180.0 180.0   5.0 450.0                            LAT/LON1/LON2/DLON/H
   34   34   35   36   37   40   45   51   58   65   73   80   87   94   99  104
  107  109  109  109  107  104  100   95   89   81   71   61   50   39   29   21
   14    9    6    4    3    3    3    4    5    6    7    9   12   16   20   25
   30   33   35   34   32   28   24   20   18   16   16   17   18   20   21   22
   22   23   24   25   27   29   31   33   34
    60.0-180.0 180.0   5.0 450.0                            LAT/LON1/LON2/DLON/H
   40   42   44   46   49   53   58   64   70   77   84   91   97  102  108  112
  115  117  117  116  114  111  107  103   97   90   80   69   57   45   33   23
   15    8    3    1    0    0    1    3    5    7    9   11   13   16   19   23
   27   30   31   30   28   24   20   17   15   15   16   18   20   22   23   24
   24   24   24   26   28   31   34   37   40
    57.5-180.0 180.0   5.0 450.0                            LAT/LON1/LON2/DLON/H
   43   47   51   55   60   66   72   78   84   90   96  101  106  111  115  119
  122  123  122  120  117  114  111  107  103   96   87   76   64   51   39   28
   19   11    6    2    1    2    4    7   10   12   14   15   16   17   19   21
   24   26   27   26   24   21   17   15   14   15   18   21   24   26   27   27
   26   26   26   27   29   32   36   40   43
    55.0-180.0 180.0   5.0 450.0                            LAT/LON1/LON2/DLON/H
   45   50   56   62   70   77   85   92   98  103  107  111  115  118  122  126
  128  128  125  122  118  115  112  110  107  102   94   84   72   59   47   36
   26   18   13    9    8    9   12   16   20   23   24   24   22   21   21   21
   23   24   25   25   23   21   19   17   18   20   23   27   30   32   33   32
   30   29   28   29   31   34   37   41   45
    52.5-180.0 180.0   5.0 450.0                            LAT/LON1/LON2/DLON/H
   46   51   59   68   78   88   97  105  111  116  119  121  124  126  129  132
  134  132  129  124  119  116  115  114  113  109  102   92   80   68   56   45
   36   29   23   20   19   20   24   28   33   36   37   35   32   28   26   25
   26   27   28   28   27   26   25   24   25   28   31   35   38   39   39   38
   36   33   32   32   33   36   38   41   46
    50.0-180.0 180.0   5.0 450.0                            LAT/LON1/LON2/DLON/H
   46   52   60   72   84   97  108  117  123  128  130  131  132  134  137  139
  140  138  134  128  123  121  121  122  122  119  112  102   90   77   65   56
   48   41   36   33   32   33   37   42   48   51   51   48   43   38   35   34
   34   36   37   38   37   36   35   35   36   38   40   43   45   46   46   44
   41   38   37   36   37   39   40   42   46
    47.5-180.0 180.0   5.0 450.0                            LAT/LON1/LON2/DLON/H
   46   52   62   75   90  104  116  126  133  138  140  140  141  142  144  146
  147  145  141  135  131  130  132  134  135  132  125  113   99   86   74   64
   57   52   48   45   44   46   50   55   61   64   64   61   55   50   47   46
   47   49   51   52   51   50   48   47   47   48   49   51   52   52   50   48
   45   43   42   41   42   43   43   44   46
    45.0-180.0 180.0   5.0 450.0                            LAT/LON1/LON2/DLON/H
   48   54   64   79   94  109  123  133  141  146  148  148  148  149  150  153
  154  153  149  145  143  144  147  150  151  147  137  123  107   92   80   70
   64   60   57   55   54   56   60   65   70   74   74   71   66   62   59   59
   61   64   66   66   65   63   60   58   57   56   56   56   56   55   53   51
   48   46   46   46   47   47   46   46   48
    42.5-180.0 180.0   5.0 450.0                            LAT/LON1/LON2/DLON/H
   51   57   68   83   99  114  127  138  146  151  154  155  154  155  156  159
  161  161  159  158  158  160  164  167  167  161  148  132  113   97   83   73
   67   64   62   62   62   63   67   71   77   80   81   79   75   72   71   72
   75   78   79   78   75   72   68   65   63   61   60   59   57   56   54   52
   50   48   48   49   50   50   50   49   51
    40.0-180.0 180.0   5.0 450.0                            LAT/LON1/LON2/DLON/H
   55   62   74   90  105  119  131  141  149  155  158  159  159  160  161  164
  167  169  170  171  173  176  180  182  179  170  155  137  117   99   84   74
   69   67   66   67   68   69   72   76   80   83   85   83   81   79   79   82
   85   87   87   84   80   75   71   67   65   63   61   60   58   57   55   53
   51   49   49   50   51   52   53   53   55
    37.5-180.0 180.0   5.0 450.0                            LAT/LON1/LON2/DLON/H
   61   70   83   98  113  125  134  143  151  157  161  163  164  164  166  168
  172  175  179  183  187  190  192  191  185  174  157  138  118  100   86   76
   71   70   71   73   74   75   77   80   83   86   87   86   85   84   85   87
   89   90   88   84   79   73   69   65   63   62   62   61   59   58   56   54
   52   50   49   49   51   53   54   56   61
    35.0-180.0 180.0   5.0 450.0                            LAT/LON1/LON2/DLON/H
   68   79   94  109  123  132  139  146  153  159  164  166  167  168  169  171
  175  180  186  192  197  199  198  193  184  172  156  139  121  104   91   81
   76   76   78   81   83   84   85   86   88   90   91   90   88   88   88   89
   89   87   83   78   72   67   64   61   61   61   62   62   62   61   60   58
   55   52   50   49   49   52   55   60   68
    32.5-180.0 180.0   5.0 450.0                            LAT/LON1/LON2/DLON/H
   76   91  107  123  135  142  147  151  157  162  167  170  171  172  172  174
  177  182  190  198  203  203  198  190  179  167  154  141  127  114  102   93
   89   88   91   95   97   97   97   96   96   97   97   95   93   91   90   89
   86   81   75   69   64   61   59   58   60   62   65   66   67   67   66   64
   61   57   52   49   48   51   57   65   76
    30.0-180.0 180.0   5.0 450.0                            LAT/LON1/LON2/DLON/H
   85  103  122  138  149  154  157  159  163  168  172  175  177  177  177  176
  177  182  190  199  203  201  194  183  172  163  155  148  140  131  121  113
  109  108  110  113  115  114  112  110  109  107  105  102   98   95   92   88
   82   74   67   61   58   57   57   59   62   65   69   72   74   74   74   72
   69   63   57   51   49   52   59   70   85
    27.5-180.0 180.0   5.0 450.0                            LAT/LON1/LON2/DLON/H
   95  117  137  154  164  169  170  171  174  177  181  183  185  185  183  179
  178  180  188  195  199  196  188  178  170  166  165  164  162  156  148  141
  136  134  134  135  135  132  129  125  123  120  116  111  105  100   95   89
   80   70   62   58   57   59   61   63   67   71   76   79   81   82   82   80
   78   72   64   57   52   54   62   77   95
    25.0-180.0 180.0   5.0 450.0                            LAT/LON1/LON2/DLON/H
  106  129  152  169  180  184  185  186  188  191  193  196  198  198  193  186
  179  178  183  189  193  190  184  178  176  179  185  190  192  189  182  174
  167  163  160  157  154  149  144  139  136  132  126  119  112  106  100   92
   82   71   63   61   62   65   68   71   74   78   82   85   87   87   88   87
   86   81   73   64   58   59   68   84  106
    22.5-180.0 180.0   5.0 450.0                            LAT/LON1/LON2/DLON/H
  116  141  164  182  194  200  202  204  206  208  210  213  216  215  209  197
  184  178  179  183  186  186  185  186  193  204  216  224  228  225  218  209
  200  192  184  177  170  162  155  149  145  140  134  125  117  111  105   97
   86   76   69   68   72   76   78   79   81   83   86   88   89   90   90   91
   91   88   81   73   66   66   76   93  116
    20.0-180.0 180.0   5.0 450.0                            LAT/LON1/LON2/DLON/H
  125  150  173  192  206  214  219  223  226  229  231  235  240  240  231  214
  196  183  178  179  182  185  192  204  221  239  254  263  265  261  253  242
  230  218  205  192  179  168  159  153  148  143  136  127  119  113  108  102
   93   84   79   80   83   87   87   87   86   86   87   88   88   88   89   90
   92   92   88   81   74   75   84  102  125
    17.5-180.0 180.0   5.0 450.0                            LAT/LON1/LON2/DLON/H
  133  157  179  199  215  226  235  242  248  251  256  262  268  270  260  239
  215  196  185  181  183  191  206  230  256  280  295  302  300  292  281  269
  255  238  219  200  182  167  156  150  145  141  133  124  116  112  110  107
  101   94   90   91   94   95   93   90   87   85   85   85   84   83   84   86
   90   92   91   86   82   83   93  110  133
    15.0-180.0 180.0   5.0 450.0                            LAT/LON1/LON2/DLON/H
  139  161  183  203  221  236  249  260  269  275  282  291  301  304  294  272
  244  219  201  192  192  203  227  261  295  320  333  334  326  315  303  289
  273  253  229  204  181  163  150  143  139  134  127  118  111  109  110  111
  108  103  100  101  102  100   95   89   85   82   81   80   79   77   77   79
   84   89   91   89   87   90  101  118  139
    12.5-180.0 180.0   5.0 450.0                            LAT/LON1/LON2/DLON/H
  145  165  185  205  225  244  261  276  289  298  309  321  334  340  332  309
  280  251  228  213  210  223  253  293  331  355  362  356  343  329  316  303
  286  264  236  207  179  158  144  136  132  127  120  111  105  105  110  113
  113  110  108  107  106  101   93   85   80   78   77   76   75   72   71   72
   77   83   88   89   90   95  108  126  145
    10.0-180.0 180.0   5.0 450.0                            LAT/LON1/LON2/DLON/H
  151  169  187  208  229  251  272  290  306  320  333  349  365  374  369  349
  321  292  265  245  237  249  281  323  361  380  380  367  350  335  323  312
  296  274  244  211  181  158  142  134  129  124  117  108  102  104  110  116
  118  116  114  112  108   99   89   81   77   76   76   75   73   70   67   67
   71   78   84   87   91   99  114  132  151
     7.5-180.0 180.0   5.0 450.0                            LAT/LON1/LON2/DLON/H
  157  173  191  211  234  258  281  303  322  338  355  373  391  402  400  385
  362  336  308  284  271  279  309  349  381  394  386  368  349  336  328  320
  306  284  254  220  189  165  149  139  134  129  121  112  106  108  115  122
  124  123  120  117  110   99   88   81   78   79   79   78   76   72   67   65
   68   74   81   86   92  103  120  139  157
     5.0-180.0 180.0   5.0 450.0                            LAT/LON1/LON2/DLON/H
  164  179  196  217  241  266  291  315  336  354  372  390  408  420  422  414
  399  378  353  326  309  312  336  370  394  398  384  364  347  338  334  329
  318  297  267  235  205  181  164  154  148  142  134  124  119  120  126  132
  134  132  129  124  115  103   92   86   85   86   87   86   82   77   72   68
   69   73   80   86   94  108  127  147  164
     2.5-180.0 180.0   5.0 450.0                            LAT/LON1/LON2/DLON/H
  172  187  203  224  249  275  301  325  348  367  384  401  417  428  433  432
  425  413  393  367  347  344  361  385  400  397  379  360  348  344  344  341
  331  311  284  253  226  203  187  176  170  164  155  146  140  140  144  148
  148  144  140  134  125  113  102   97   97   99   99   96   91   86   80   75
   73   77   82   88   97  113  133  155  172
