data/data_IGM-A1_Vehicle_open_20211217-nsh/codg3510.21i
     1.0            IONOSPHERE MAPS     GNSS                IONEX VERSION / TYPE
ADDNEQ2 V5.3        AIUB                21-DEC-21 21:41     PGM / RUN BY / DATE 
CODE'S GLOBAL IONOSPHERE MAPS FOR DAY 351, 2021             COMMENT             
Global ionosphere maps (GIM) are generated on a daily basis DESCRIPTION         
at CODE using data from about 300 GNSS sites of the IGS and DESCRIPTION         
other institutions. The vertical total electron content     DESCRIPTION         
(VTEC) is modeled in a solar-geomagnetic reference frame    DESCRIPTION         
using a spherical harmonics expansion up to degree and      DESCRIPTION         
order 15. Piece-wise linear functions are used for          DESCRIPTION         
representation in the time domain. The time spacing of      DESCRIPTION         
their vertices is 1 hour, conforming with the epochs of the DESCRIPTION         
VTEC maps.                                                  DESCRIPTION         
To convert line-of-sight TEC into vertical TEC, a modified  DESCRIPTION         
single-layer model mapping function approximating the JPL   DESCRIPTION         
extended slab model mapping function is adopted. The        DESCRIPTION         
mapping function is evaluated at geodetic satellite         DESCRIPTION         
elevation angles. For the computation of the ionospheric    DESCRIPTION         
pierce points, a spherical layer with a radius of 6821 km   DESCRIPTION         
is assumed, implying geocentric, not geodetic IONEX         DESCRIPTION         
latitudes.                                                  DESCRIPTION         
Instrumental biases with respect to each involved GNSS code DESCRIPTION         
observable are estimated as constant values for each        DESCRIPTION         
day. They are modeled with one set of bias parameters for   DESCRIPTION         
each satellite and each station in case of GPS and for each DESCRIPTION         
satellite-station link in case of GLONASS. The code bias    DESCRIPTION         
datum is defined by zero-mean conditions imposed on the     DESCRIPTION         
satellite bias estimates. In this file, just GPS C1W-C2W    DESCRIPTION         
satellite and station bias values are included. The         DESCRIPTION         
complete set of GNSS code bias results is provided in an    DESCRIPTION         
additional Bias-SINEX file as pseudo-absolute values        DESCRIPTION         
specific to each observable.                                DESCRIPTION         
Note: These GIM results correspond to the results for the   DESCRIPTION         
middle day of a 3-day combination analysis solving for 73   DESCRIPTION         
times 256, or 18688 VTEC parameters and 3 daily sets of     DESCRIPTION         
GNSS code bias parameters.                                  DESCRIPTION         
Contact address: code(at)aiub.unibe.ch                      DESCRIPTION         
Data archive:    ftp.aiub.unibe.ch/CODE/                    DESCRIPTION         
                 www.aiub.unibe.ch/download/CODE/           DESCRIPTION         
  2021    12    17     0     0     0                        EPOCH OF FIRST MAP  
  2021    12    18     0     0     0                        EPOCH OF LAST MAP   
  3600                                                      INTERVAL            
[...]
bake bako barh bjfs bndy bogo bogt bor1 brft brst brux bshm COMMENT             
cags cas1 ccj2 cedu chpg chpi chti chur ckis coco cord cpvg COMMENT             
cro1 daej darw dav1 dgar dhlg drao dubo ebre faa1 fair flin COMMENT             
flrs frdn func ganp glps glsv gode godz gol2 gold gope gras COMMENT             
graz guat guug harb hers hert hlfx hnlc hnpt hob2 hofn holb COMMENT             
hyde ieng iisc ineg invk iqal jog2 joz2 joze karr kerg kir0 COMMENT             
kiru kit3 kokb kokv koug kour krgg laut lmmf lpal lpgs m0se COMMENT             
mac1 madr mal2 mana mas1 mat1 mate maui maw1 mcil mcm4 mdo1 COMMENT             
mdvj medi mets mgue mizu mkea mobj mobs monp morp mqzg mro1 COMMENT             
mtka nano nico nist nklg nlib nnor not1 nrc1 ntus nya1 nyal COMMENT             
ohi2 onsa opmt ous2 pado parc park pdel penc pert pie1 pimo COMMENT             
pohn pol2 polv pots prds ptag ptbb ptvl qaq1 quin ramo rbay COMMENT             
reun reyk rgdg rio2 riop samo sant sch2 scor scrz sctb scub COMMENT             
seyg smst sofi spt0 ssia sthl stjo stk2 str2 suth sutm suwn COMMENT             
sydn syog tabl tabv tash tehn thtg thti thu2 tid1 tidb tixg COMMENT             
tlse tnml tong tow2 tro1 tsea tskb tuva twtf uclu ulab unb3 COMMENT             
unbj unbn unsa urum usn7 usud vald vill voim wark wes2 wgtn COMMENT             
whit will wind wsrt wtza wtzl wtzr wtzs wtzz wuhn xmis yakt COMMENT             
yar2 yar3 yarr yell ykro yssk zamb zeck zim2 zim3 zimm      COMMENT             
                                                            END OF HEADER       
[from data line 8580]
    21                                                      START OF TEC MAP    
  2021    12    17    20     0     0                        EPOCH OF CURRENT MAP
    87.5-180.0 180.0   5.0 450.0                            LAT/LON1/LON2/DLON/H
   10   11   11   12   12   13   14   14   15   15   16   16   17   17   17   17
   17   17   17   17   17   17   16   16   16   15   15   14   13   13   12   12
   11   10   10    9    9    8    7    7    6    6    5    5    5    4    4    4
    4    4    4    4    4    4    4    4    4    4    4    5    5    5    5    6
    6    6    7    7    8    8    9    9   10
    85.0-180.0 180.0   5.0 450.0                            LAT/LON1/LON2/DLON/H
    8    9   11   12   13   15   16   17   19   20   22   23   24   25   25   26
   26   26   26   25   25   24   23   22   21   20   19   17   16   15   14   13
   12   11   10    9    8    7    6    5    4    3    2    1    1    0    0    0
    0    0    0    0    0    0    0    1    1    1    2    2    2    3    3    3
    4    4    4    5    5    6    7    7    8
    82.5-180.0 180.0   5.0 450.0                            LAT/LON1/LON2/DLON/H
    5    7    8   10   12   14   16   19   22   24   26   29   31   32   33   34
   34   34   33   32   31   30   28   26   24   23   21   19   18   16   15   14
   13   12   11    9    8    7    6    5    3    2    1    0    0    0    0    0
    0    0    0    0    0    0    0    1    1    2    2    2    3    3    3    3
    3    3    3    3    3    3    4    4    5
    80.0-180.0 180.0   5.0 450.0                            LAT/LON1/LON2/DLON/H
    2    3    5    7    9   12   16   19   23   27   31   34   37   39   41   42
   42   41   40   39   37   34   32   29   26   24   22   20   18   17   16   15
   14   14   13   12   11   10    9    7    6    4    2    1    0    0    0    0
    0    0    0    1    2    3    4    4    5    5    6    6    6    6    5    5
    5    4    3    3    2    2    2    2    2
    77.5-180.0 180.0   5.0 450.0                            LAT/LON1/LON2/DLON/H
    1    1    2    4    7   11   15   20   25   30   35   40   44   47   49   50
   49   48   47   44   41   38   34   31   28   25   22   20   18   17   17   17
   17   17   17   17   16   15   13   11   10    8    6    4    3    3    2    3
    4    4    6    7    8    9    9   10   10   11   11   11   10   10    9    9
    8    7    6    5    4    2    2    1    1
    75.0-180.0 180.0   5.0 450.0                            LAT/LON1/LON2/DLON/H
    2    2    3    5    8   12   17   22   29   35   41   47   51   54   56   57
   57   55   53   50   46   42   38   34   30   26   23   20   19   18   18   18
   19   20   21   21   21   20   18   16   14   11    9    8    7    7    7    8
   10   11   13   14   15   16   16   16   16   16   15   15   15   14   14   13
   12   11   10    9    7    6    4    3    2
    72.5-180.0 180.0   5.0 450.0                            LAT/LON1/LON2/DLON/H
    8    7    8    9   12   16   21   28   34   42   48   55   59   63   65   65
   64   62   59   56   52   48   43   38   34   29   26   22   20   19   18   19
   20   22   23   24   24   23   21   19   16   14   12   11   11   11   13   15
   17   19   20   22   22   22   21   21   20   19   18   17   17   17   17   16
   16   16   15   14   13   12   10    9    8
    70.0-180.0 180.0   5.0 450.0                            LAT/LON1/LON2/DLON/H
   17   16   17   18   20   24   30   36   43   51   58   64   69   72   74   74
   73   70   67   63   59   55   50   46   40   35   30   26   22   20   19   19
   20   21   23   23   23   23   21   19   16   14   13   12   13   15   17   20
   23   26   27   28   27   26   24   22   21   19   18   18   17   17   18   18
   19   19   20   20   20   19   18   17   17
    67.5-180.0 180.0   5.0 450.0                            LAT/LON1/LON2/DLON/H
   27   27   28   30   33   36   41   48   55   62   69   75   80   83   84   84
   82   79   76   72   68   64   60   55   49   43   37   31   26   22   19   18
   18   18   19   20   20   19   17   15   13   12   11   12   14   17   20   24
   28   30   31   31   29   27   24   21   19   17   16   16   16   17   18   19
   20   22   23   25   26   26   27   27   27
    65.0-180.0 180.0   5.0 450.0                            LAT/LON1/LON2/DLON/H
   37   39   41   44   47   51   56   61   68   74   81   87   91   94   95   94
   92   89   85   82   78   74   70   65   59   52   44   37   30   24   19   16
   15   14   14   14   13   12   11   10    9    8    9   10   13   17   22   26
   29   31   32   30   28   24   20   17   15   13   13   13   14   16   17   19
   21   23   25   28   30   32   34   35   37
    62.5-180.0 180.0   5.0 450.0                            LAT/LON1/LON2/DLON/H
   45   49   53   58   62   66   71   76   81   87   92   97  101  104  105  104
  102   99   95   92   88   84   79   74   68   60   51   42   34   26   20   15
   12   10    8    7    6    6    5    5    5    6    8   10   13   17   22   26
   29   30   30   27   24   20   16   12   11   10   11   13   14   16   17   19
   21   24   26   29   32   35   38   41   45
    60.0-180.0 180.0   5.0 450.0                            LAT/LON1/LON2/DLON/H
   50   57   63   70   76   81   85   89   94   98  103  107  111  113  115  114
  112  109  105  101   97   92   87   81   74   66   57   47   38   29   22   16
   12    8    5    3    2    2    2    4    5    7   10   12   15   18   22   24
   26   27   26   23   20   15   11    9    8   10   12   14   17   19   20   21
   23   25   27   29   32   35   39   44   50
    57.5-180.0 180.0   5.0 450.0                            LAT/LON1/LON2/DLON/H
   52   61   71   80   88   94   99  102  105  108  111  115  118  121  123  123
  122  119  115  110  104   99   93   87   79   71   62   52   43   34   27   20
   15   10    6    4    3    3    5    8   10   13   16   18   20   21   23   24
   24   25   23   21   17   14   10    9   10   12   16   20   23   24   25   25
   26   27   28   29   31   34   38   44   52
    55.0-180.0 180.0   5.0 450.0                            LAT/LON1/LON2/DLON/H
   52   64   76   88   98  106  111  114  116  118  119  121  124  127  129  131
  130  127  123  117  111  105   98   92   84   76   67   57   49   41   34   28
   22   16   12    9    9   10   13   17   21   25   27   28   28   27   26   25
   25   25   24   22   19   16   14   13   15   19   24   28   30   31   31   31
   30   30   30   30   31   32   36   42   52
    52.5-180.0 180.0   5.0 450.0                            LAT/LON1/LON2/DLON/H
   52   66   81   95  107  116  122  125  127  128  128  128  129  132  134  136
  136  134  129  124  117  111  104   98   90   82   73   64   56   49   43   37
   32   26   22   19   19   22   26   31   36   39   41   41   38   35   32   30
   29   29   29   28   26   24   22   22   24   28   33   37   39   39   38   37
   36   35   35   34   33   33   35   42   52
    50.0-180.0 180.0   5.0 450.0                            LAT/LON1/LON2/DLON/H
   55   69   85  100  113  124  131  136  138  138  137  136  136  137  139  141
  141  139  135  130  124  118  113  107  100   92   83   73   65   58   53   48
   42   38   34   32   32   36   41   47   52   55   56   54   50   46   41   39
   37   38   39   39   38   35   33   33   35   38   43   46   47   46   44   42
   41   41   40   38   37   36   38   44   55
    47.5-180.0 180.0   5.0 450.0                            LAT/LON1/LON2/DLON/H
   59   73   89  104  118  130  139  146  150  151  149  146  144  143  144  145
  145  143  140  136  132  129  125  120  114  105   95   84   74   67   61   56
   52   48   44   44   46   50   56   62   66   69   69   66   62   57   53   50
   49   50   52   53   52   49   46   44   45   48   51   53   53   51   48   46
   45   45   45   44   43   41   43   49   59
    45.0-180.0 180.0   5.0 450.0                            LAT/LON1/LON2/DLON/H
   67   80   94  108  122  134  145  154  161  164  163  159  155  152  151  150
  149  147  145  144  143  142  140  137  131  121  109   96   83   73   66   62
   58   55   53   53   57   62   68   73   76   78   78   76   72   68   65   62
   62   64   66   67   66   62   58   54   53   55   57   58   56   53   50   48
   48   49   50   50   49   49   51   57   67
    42.5-180.0 180.0   5.0 450.0                            LAT/LON1/LON2/DLON/H
   77   88  100  112  124  136  148  160  170  176  177  173  168  163  160  157
  154  152  151  152  154  157  157  155  149  138  123  106   90   77   69   64
   61   59   58   60   65   71   76   80   82   83   83   82   80   77   75   74
   75   77   78   78   76   72   66   61   59   59   60   60   58   54   50   49
   49   51   53   54   55   57   61   68   77
    40.0-180.0 180.0   5.0 450.0                            LAT/LON1/LON2/DLON/H
   88   98  107  116  125  136  148  163  176  185  188  186  181  175  169  165
  161  159  159  162  166  171  173  171  164  152  134  113   94   79   69   64
   62   61   62   66   71   78   82   85   85   85   85   85   85   85   84   84
   84   85   86   85   81   76   70   65   62   62   62   62   59   55   51   49
   50   52   54   57   60   64   70   79   88
    37.5-180.0 180.0   5.0 450.0                            LAT/LON1/LON2/DLON/H
  100  108  115  120  126  135  146  161  176  189  195  195  191  185  179  173
  168  166  167  171  178  183  185  182  173  159  140  117   96   79   69   65
   64   65   67   72   79   85   88   89   87   86   86   88   89   90   90   90
   89   89   88   85   81   76   70   65   63   63   64   64   62   58   54   51
   51   52   54   57   62   70   79   90  100
    35.0-180.0 180.0   5.0 450.0                            LAT/LON1/LON2/DLON/H
  111  119  124  127  130  135  144  157  173  187  196  199  197  192  186  181
  176  173  175  180  187  191  190  185  175  161  141  119   97   81   72   70
   71   73   77   82   89   94   96   94   92   89   89   91   92   93   92   91
   89   87   84   81   77   72   68   65   64   65   67   67   65   62   58   55
   53   52   53   57   63   74   87  100  111
    32.5-180.0 180.0   5.0 450.0                            LAT/LON1/LON2/DLON/H
  123  131  136  138  138  139  143  152  166  181  192  197  197  194  190  185
  181  179  181  186  192  194  190  182  171  157  140  120  101   87   82   82
   85   89   93   98  104  108  108  104  100   97   96   96   97   95   93   89
   85   81   78   74   70   67   65   64   65   68   70   71   70   68   64   61
   57   54   54   57   65   78   94  110  123
    30.0-180.0 180.0   5.0 450.0                            LAT/LON1/LON2/DLON/H
  135  145  151  154  152  148  146  150  160  173  184  191  193  192  189  186
  183  181  184  190  194  192  185  174  163  152  139  124  110  101  100  104
  108  112  114  118  122  124  122  117  111  107  105  104  102   97   92   86
   80   75   71   68   65   64   64   65   68   71   74   75   75   74   71   67
   62   58   56   58   68   83  102  120  135
    27.5-180.0 180.0   5.0 450.0                            LAT/LON1/LON2/DLON/H
  147  160  169  174  172  165  157  154  159  169  180  186  189  188  187  184
  181  181  184  190  192  188  179  167  158  152  145  136  127  124  127  133
  138  140  140  141  143  142  138  132  125  120  117  113  107   99   91   82
   75   70   66   64   64   64   66   68   71   74   77   78   79   78   76   73
   68   62   60   63   73   90  111  130  147
    25.0-180.0 180.0   5.0 450.0                            LAT/LON1/LON2/DLON/H
  160  176  189  198  198  190  177  167  166  174  183  189  190  188  185  182
  179  179  182  187  189  184  175  166  161  160  159  157  154  154  159  166
  170  169  166  163  161  157  152  144  137  131  127  121  112  101   90   80
   73   68   66   66   66   68   70   73   75   77   78   78   79   79   79   76
   72   67   66   70   82  100  121  142  160
    22.5-180.0 180.0   5.0 450.0                            LAT/LON1/LON2/DLON/H
  172  191  209  223  227  219  203  190  186  191  199  202  201  195  189  184
  179  177  178  183  185  183  177  173  175  180  186  187  187  189  195  200
  201  195  187  179  173  167  159  151  144  138  133  125  114  102   89   79
   73   70   70   71   72   74   76   77   78   78   77   76   76   77   78   77
   74   71   72   79   93  112  133  153  172
    20.0-180.0 180.0   5.0 450.0                            LAT/LON1/LON2/DLON/H
  184  205  227  246  255  250  236  222  217  222  229  231  226  216  204  194
  185  179  178  180  184  186  187  191  201  213  222  225  225  226  228  229
  224  214  200  187  177  168  160  151  144  139  133  125  114  101   90   81
   76   75   77   79   80   80   81   81   80   77   74   71   70   72   73   74
   73   74   79   90  106  126  146  165  184
    17.5-180.0 180.0   5.0 450.0                            LAT/LON1/LON2/DLON/H
  193  216  241  266  280  280  269  259  257  265  273  274  265  249  232  216
  201  189  183  183  188  195  205  219  236  253  263  265  262  259  255  250
  239  222  203  186  173  162  153  145  139  133  128  120  111  100   91   85
   82   82   85   86   87   85   83   82   79   75   70   65   63   65   67   69
   71   75   84   99  119  139  158  175  193
    15.0-180.0 180.0   5.0 450.0                            LAT/LON1/LON2/DLON/H
  201  223  251  279  299  305  301  297  301  313  325  326  315  295  273  250
  229  210  197  193  197  210  229  252  276  295  304  302  294  285  275  262
  244  223  200  180  164  152  143  135  130  125  119  113  106  100   94   90
   88   89   92   92   91   87   84   81   78   73   66   60   57   59   62   65
   68   76   89  108  130  151  169  184  201
    12.5-180.0 180.0   5.0 450.0                            LAT/LON1/LON2/DLON/H
  207  228  256  286  311  323  327  331  343  361  376  380  368  347  321  296
  269  244  223  212  214  230  256  286  314  333  338  331  318  302  286  266
  244  218  193  172  155  142  133  127  122  117  112  107  104  101   99   97
   95   96   97   96   92   87   82   79   77   72   64   57   54   55   58   61
   66   76   93  115  139  160  177  192  207
    10.0-180.0 180.0   5.0 450.0                            LAT/LON1/LON2/DLON/H
  212  232  259  290  317  335  347  359  377  400  419  425  416  396  372  346
  317  287  259  240  239  255  284  317  345  360  361  350  332  313  291  267
  241  214  189  168  151  138  130  124  120  114  110  106  106  107  107  106
  104  102  101   98   92   85   80   78   76   72   65   58   54   55   57   61
   66   77   96  121  146  167  184  198  212
     7.5-180.0 180.0   5.0 450.0                            LAT/LON1/LON2/DLON/H
  217  236  262  291  320  343  360  378  400  426  447  455  449  434  415  393
  367  335  302  277  270  283  310  342  366  375  371  357  339  318  294  268
  240  214  191  171  155  144  136  132  127  121  116  113  115  118  119  117
  113  109  105  100   92   85   80   79   78   75   68   62   58   58   60   63
   69   81  100  125  151  173  189  203  217
     5.0-180.0 180.0   5.0 450.0                            LAT/LON1/LON2/DLON/H
  223  242  265  293  322  348  369  390  413  437  456  465  464  455  444  431
  411  382  347  318  305  313  335  361  377  380  371  357  341  322  299  273
  246  223  202  185  170  159  153  149  144  138  132  129  132  135  137  133
  126  118  111  104   95   88   83   82   82   79   73   67   63   63   65   68
   73   85  105  130  155  176  194  208  223
     2.5-180.0 180.0   5.0 450.0                            LAT/LON1/LON2/DLON/H
  230  249  271  298  326  353  376  397  417  436  450  458  458  457  455  453
  443  421  389  359  342  344  359  375  382  377  366  354  343  329  309  284
  259  238  221  206  193  183  177  174  169  162  156  153  155  158  157  151
  141  130  121  112  103   95   90   88   87   84   78   72   69   68   70   73
   79   91  110  133  157  178  197  213  230
