data/data_IGM-A1_Vehicle_open_20211217-nsh/codg3510.21i
     1.0            IONOSPHERE MAPS     GNSS                IONEX VERSION / TYPE
ADDNEQ2 V5.3        AIUB                21-DEC-21 21:41     PGM / RUN BY / DATE 
CODE'S GLOBAL IONOSPHERE MAPS FOR DAY 351, 2021             COMMENT             
Global ionosphere maps (GIM) are generated on a daily basis DESCRIPTION         
at CODE using data from about 300 GNSS sites of the IGS and DESCRIPTION         
other institutions. The vertical total electron content     DESCRIPTION         
(VTEC) is modeled in a solar-geomagnetic reference frame    DESCRIPTION         
using a spherical harmonics expansion up to degree and      DESCRIPTION         
order 15. Piece-wise linear functions are used for          DESCRIPTION         
representation in the time domain. The time spacing of      DESCRIPTION         
their vertices is 1 hour, conforming with the epochs of the DESCRIPTION         
VTEC maps.                                                  DESCRIPTION         
To convert line-of-sight TEC into vertical TEC, a modified  DESCRIPTION         
single-layer model mapping function approximating the JPL   DESCRIPTION         
extended slab model mapping function is adopted. The        DESCRIPTION         
mapping function is evaluated at geodetic satellite         DESCRIPTION         
elevation angles. For the computation of the ionospheric    DESCRIPTION         
pierce points, a spherical layer with a radius of 6821 km   DESCRIPTION         
is assumed, implying geocentric, not geodetic IONEX         DESCRIPTION         
latitudes.                                                  DESCRIPTION         
Instrumental biases with respect to each involved GNSS code DESCRIPTION         
observable are estimated as constant values for each        DESCRIPTION         
day. They are modeled with one set of bias parameters for   DESCRIPTION         
each satellite and each station in case of GPS and for each DESCRIPTION         
satellite-station link in case of GLONASS. The code bias    DESCRIPTION         
datum is defined by zero-mean conditions imposed on the     DESCRIPTION         
satellite bias estimates. In this file, just GPS C1W-C2W    DESCRIPTION         
satellite and station bias values are included. The         DESCRIPTION         
complete set of GNSS code bias results is provided in an    DESCRIPTION         
additional Bias-SINEX file as pseudo-absolute values        DESCRIPTION         
specific to each observable.                                DESCRIPTION         
Note: These GIM results correspond to the results for the   DESCRIPTION         
middle day of a 3-day combination analysis solving for 73   DESCRIPTION         
times 256, or 18688 VTEC parameters and 3 daily sets of     DESCRIPTION         
GNSS code bias parameters.                                  DESCRIPTION         
Contact address: code(at)aiub.unibe.ch                      DESCRIPTION         
Data archive:    ftp.aiub.unibe.ch/CODE/                    DESCRIPTION         
                 www.aiub.unibe.ch/download/CODE/           DESCRIPTION         
  2021    12    17     0     0     0                        EPOCH OF FIRST MAP  
  2021    12    18     0     0     0                        EPOCH OF LAST MAP   
  3600                                                      INTERVAL            
[...]
bake bako barh bjfs bndy bogo bogt bor1 brft brst brux bshm COMMENT             
cags cas1 ccj2 cedu chpg chpi chti chur ckis coco cord cpvg COMMENT             
cro1 daej darw dav1 dgar dhlg drao dubo ebre faa1 fair flin COMMENT             
flrs frdn func ganp glps glsv gode godz gol2 gold gope gras COMMENT             
graz guat guug harb hers hert hlfx hnlc hnpt hob2 hofn holb COMMENT             
hyde ieng iisc ineg invk iqal jog2 joz2 joze karr kerg kir0 COMMENT             
kiru kit3 kokb kokv koug kour krgg laut lmmf lpal lpgs m0se COMMENT             
mac1 madr mal2 mana mas1 mat1 mate maui maw1 mcil mcm4 mdo1 COMMENT             
mdvj medi mets mgue mizu mkea mobj mobs monp morp mqzg mro1 COMMENT             
mtka nano nico nist nklg nlib nnor not1 nrc1 ntus nya1 nyal COMMENT             
ohi2 onsa opmt ous2 pado parc park pdel penc pert pie1 pimo COMMENT             
pohn pol2 polv pots prds ptag ptbb ptvl qaq1 quin ramo rbay COMMENT             
reun reyk rgdg rio2 riop samo sant sch2 scor scrz sctb scub COMMENT             
seyg smst sofi spt0 ssia sthl stjo stk2 str2 suth sutm suwn COMMENT             
sydn syog tabl tabv tash tehn thtg thti thu2 tid1 tidb tixg COMMENT             
tlse tnml tong tow2 tro1 tsea tskb tuva twtf uclu ulab unb3 COMMENT             
unbj unbn unsa urum usn7 usud vald vill voim wark wes2 wgtn COMMENT             
whit will wind wsrt wtza wtzl wtzr wtzs wtzz wuhn xmis yakt COMMENT             
yar2 yar3 yarr yell ykro yssk zamb zeck zim2 zim3 zimm      COMMENT             
                                                            END OF HEADER       
[from data line 9438]
    23                                                      START OF TEC MAP    
  2021    12    17    22     0     0                        EPOCH OF CURRENT MAP
    87.5-180.0 180.0   5.0 450.0                            LAT/LON1/LON2/DLON/H
   18   19   20   20   21   22   23   23   24   24   25   25   25   25   25   25
   25   24   24   23   23   22   21   20   19   18   17   16   15   14   13   12
   11   10   10    9    8    8    7    7    6    6    6    6    6    6    6    6
    6    6    7    7    7    7    8    8    9    9    9   10   10   11   11   12
   13   13   14   14   15   16   17   17   18
    85.0-180.0 180.0   5.0 450.0                            LAT/LON1/LON2/DLON/H
   17   19   21   22   24   26   28   29   31   32   33   34   35   36   36   36
   35   35   34   33   31   29   27   25   23   21   19   16   14   12   10    8
    7    5    4    2    1    1    0    0    0    0    0    0    0    0    0    1
    1    2    2    3    3    4    4    5    5    6    6    7    7    8    8    9
    9   10   11   11   12   13   15   16   17
    82.5-180.0 180.0   5.0 450.0                            LAT/LON1/LON2/DLON/H
   13   15   18   20   23   26   29   32   35   37   39   41   43   44   45   45
   45   44   42   40   38   36   33   29   26   23   19   16   13   10    7    5
    3    1    0    0    0    0    0    0    0    0    0    0    0    0    0    0
    1    2    2    3    4    5    5    5    6    6    6    6    6    6    6    6
    6    6    6    7    8    9   10   11   13
    80.0-180.0 180.0   5.0 450.0                            LAT/LON1/LON2/DLON/H
    9   11   14   17   21   25   28   32   36   40   43   46   48   50   51   51
   51   50   48   46   43   40   36   33   28   24   20   16   13    9    7    4
    2    1    0    0    0    0    0    0    0    0    0    0    0    1    2    3
    5    6    7    8    8    9    9    9    9    9    8    8    7    6    5    4
    3    3    3    3    3    4    5    6    9
    77.5-180.0 180.0   5.0 450.0                            LAT/LON1/LON2/DLON/H
    6    9   12   16   20   24   28   33   37   41   45   48   51   53   54   54
   54   53   51   49   46   43   39   35   30   26   22   18   14   11    9    7
    6    5    4    3    2    2    2    2    2    2    3    4    5    7    8   10
   12   13   14   15   15   15   15   15   14   13   12   11   10    8    6    5
    3    2    1    1    1    1    2    4    6
    75.0-180.0 180.0   5.0 450.0                            LAT/LON1/LON2/DLON/H
    9   12   15   19   23   27   31   36   40   45   48   51   53   54   54   54
   54   53   51   49   47   44   41   37   33   28   24   21   18   15   14   13
   12   12   11   11   10   10    9    8    8    8    9   10   12   14   16   18
   19   21   22   22   22   22   21   20   19   18   16   15   13   11    9    7
    6    4    3    2    3    3    5    7    9
    72.5-180.0 180.0   5.0 450.0                            LAT/LON1/LON2/DLON/H
   19   22   25   28   31   35   39   43   47   51   54   55   56   56   55   53
   52   50   49   48   46   44   42   39   35   31   28   24   22   20   20   20
   20   20   20   19   18   17   15   14   13   13   14   15   17   19   22   24
   26   28   28   28   27   26   25   23   22   21   19   18   17   15   13   11
    9    8    7    7    9   10   13   16   19
    70.0-180.0 180.0   5.0 450.0                            LAT/LON1/LON2/DLON/H
   34   37   40   42   45   48   51   54   58   61   63   63   62   60   56   53
   50   47   46   45   45   44   43   40   37   34   30   28   26   25   25   25
   26   26   26   25   23   20   18   16   14   14   15   17   19   22   25   28
   31   32   32   31   29   27   25   23   22   21   20   20   19   18   17   15
   14   13   13   15   17   21   25   30   34
    67.5-180.0 180.0   5.0 450.0                            LAT/LON1/LON2/DLON/H
   52   55   58   59   61   62   65   68   71   73   75   74   71   67   61   55
   49   46   43   43   43   43   43   41   39   35   32   29   27   26   27   28
   28   29   28   25   22   19   16   13   12   12   13   15   19   22   26   29
   31   32   32   30   28   25   22   20   18   18   19   20   20   20   20   18
   17   17   19   22   27   33   40   46   52
    65.0-180.0 180.0   5.0 450.0                            LAT/LON1/LON2/DLON/H
   69   73   75   75   75   76   77   80   83   86   88   87   83   76   68   60
   52   47   43   42   42   43   43   41   38   34   30   27   25   25   25   26
   27   26   25   22   18   14   10    8    7    8   10   13   16   20   24   27
   29   30   29   26   23   19   16   13   13   14   16   19   21   22   22   21
   20   20   23   28   36   45   54   62   69
    62.5-180.0 180.0   5.0 450.0                            LAT/LON1/LON2/DLON/H
   83   87   88   88   86   86   87   89   93   97   99   99   95   88   79   68
   59   51   46   43   42   42   41   39   36   31   27   23   21   21   22   22
   23   21   19   15   11    7    4    3    3    5    8   11   15   19   22   25
   26   26   24   21   17   12    9    7    7    9   13   17   21   23   23   22
   22   22   26   32   42   53   65   75   83
    60.0-180.0 180.0   5.0 450.0                            LAT/LON1/LON2/DLON/H
   92   96   97   95   93   92   92   95   99  103  107  108  105   99   90   80
   69   59   52   47   44   42   40   36   32   27   22   19   17   17   18   18
   18   16   13    9    5    2    1    1    3    6   10   14   17   19   21   22
   23   22   20   17   12    7    4    2    3    7   12   17   22   24   25   24
   23   23   27   34   45   58   72   84   92
    57.5-180.0 180.0   5.0 450.0                            LAT/LON1/LON2/DLON/H
   96  101  102  100   98   97   97   99  102  106  110  112  112  108  101   92
   81   70   60   53   47   43   38   34   29   24   19   17   16   16   17   17
   16   14   11    7    4    3    3    6   10   14   18   21   22   23   23   23
   22   21   18   15   10    6    3    2    3    8   13   19   24   27   28   26
   25   25   28   36   47   61   75   88   96
    55.0-180.0 180.0   5.0 450.0                            LAT/LON1/LON2/DLON/H
   98  103  105  105  104  103  103  104  105  108  110  113  115  114  110  103
   94   82   71   61   52   45   39   33   28   23   20   19   19   19   20   20
   19   16   13   11   10   10   13   17   23   28   31   33   32   31   28   27
   25   23   21   18   14   10    7    6    8   12   18   24   28   31   31   30
   28   28   31   39   50   63   77   89   98
    52.5-180.0 180.0   5.0 450.0                            LAT/LON1/LON2/DLON/H
   99  105  110  113  115  116  116  115  113  111  111  112  114  116  117  113
  106   95   83   71   60   51   43   36   31   28   26   26   27   29   29   28
   26   24   21   20   21   23   27   33   40   45   48   48   45   41   37   34
   32   30   28   25   22   18   16   15   17   21   25   30   33   35   35   34
   33   34   37   44   54   66   79   90   99
    50.0-180.0 180.0   5.0 450.0                            LAT/LON1/LON2/DLON/H
  101  109  117  125  131  135  136  134  128  121  115  112  114  117  121  121
  117  108   95   82   70   59   51   45   41   38   38   40   41   42   41   39
   36   34   33   33   35   39   44   51   57   62   64   63   59   53   48   45
   42   41   40   37   34   31   28   28   29   32   35   37   38   39   39   40
   40   42   46   52   61   71   82   92  101
    47.5-180.0 180.0   5.0 450.0                            LAT/LON1/LON2/DLON/H
  106  116  127  140  151  160  163  159  150  137  124  116  115  119  124  128
  126  118  107   94   82   72   64   58   55   53   54   55   56   56   54   50
   47   44   44   46   49   54   60   66   72   76   78   76   71   65   60   57
   55   54   53   51   48   44   42   41   42   43   44   44   43   43   43   45
   48   51   56   62   70   78   87   96  106
    45.0-180.0 180.0   5.0 450.0                            LAT/LON1/LON2/DLON/H
  112  124  138  155  171  184  190  187  175  158  140  126  121  123  129  133
  133  127  118  107   97   88   81   75   72   70   70   70   70   68   64   59
   55   53   53   56   60   65   70   76   81   85   87   85   80   75   71   69
   68   67   67   64   61   57   54   53   53   53   52   50   47   46   47   51
   56   61   67   73   80   87   94  103  112
    42.5-180.0 180.0   5.0 450.0                            LAT/LON1/LON2/DLON/H
  119  131  147  166  185  201  211  210  199  180  159  141  131  130  135  139
  139  135  128  120  112  106  100   94   89   85   83   81   79   75   70   64
   59   57   59   63   67   71   75   80   85   89   91   90   87   83   80   79
   79   79   78   75   71   66   63   62   62   62   59   55   50   48   50   56
   63   70   77   83   89   96  103  110  119
    40.0-180.0 180.0   5.0 450.0                            LAT/LON1/LON2/DLON/H
  127  137  151  168  187  205  217  221  214  198  177  157  145  141  143  145
  145  142  137  132  128  124  118  111  103   96   90   85   81   77   71   65
   61   60   62   66   70   73   76   79   85   90   93   93   92   89   87   87
   86   86   84   81   77   71   68   67   67   67   65   59   54   51   54   61
   70   79   86   92   98  105  111  118  127
    37.5-180.0 180.0   5.0 450.0                            LAT/LON1/LON2/DLON/H
  135  142  151  163  177  193  206  215  215  205  189  171  158  153  152  152
  150  147  145  144  143  140  134  124  112  100   90   83   78   74   70   66
   63   63   66   69   72   74   75   78   84   90   94   96   95   93   92   91
   90   89   87   83   78   73   69   68   70   71   69   63   58   55   59   67
   77   86   93   99  105  113  120  128  135
    35.0-180.0 180.0   5.0 450.0                            LAT/LON1/LON2/DLON/H
  144  147  149  152  158  168  181  193  201  201  192  180  169  163  160  158
  155  152  152  154  155  153  145  131  115   98   85   77   73   72   72   71
   70   71   74   76   77   76   76   79   85   92   97   99   98   96   94   91
   89   87   85   81   77   71   67   67   69   72   72   67   62   61   65   75
   85   93   99  105  112  121  131  139  144
    32.5-180.0 180.0   5.0 450.0                            LAT/LON1/LON2/DLON/H
  156  155  150  143  139  140  149  163  178  187  188  183  175  170  166  163
  159  156  158  161  164  161  150  133  113   94   80   73   72   76   81   84
   86   87   88   89   87   83   81   83   89   96  101  102  100   97   94   90
   86   82   80   77   74   69   65   65   68   72   74   71   67   67   73   83
   94  101  106  112  120  131  143  152  156
    30.0-180.0 180.0   5.0 450.0                            LAT/LON1/LON2/DLON/H
  174  170  159  144  130  121  123  136  155  171  180  181  178  174  170  165
  161  159  161  166  169  164  150  130  109   91   79   76   80   89   99  106
  110  111  110  107  102   95   91   91   96  102  105  104  101   97   92   86
   80   76   74   73   71   67   63   63   66   72   75   74   72   74   82   93
  103  110  115  120  130  144  158  169  174
    27.5-180.0 180.0   5.0 450.0                            LAT/LON1/LON2/DLON/H
  196  193  181  162  141  124  118  126  144  164  177  182  180  176  172  167
  161  159  162  167  169  162  147  127  108   94   87   89   98  113  127  138
  142  141  137  129  119  109  102  101  103  107  107  105  100   95   90   82
   75   70   69   70   70   66   62   61   65   70   74   75   76   80   90  103
  114  121  125  131  142  159  176  190  196
    25.0-180.0 180.0   5.0 450.0                            LAT/LON1/LON2/DLON/H
  223  224  216  200  178  157  144  144  157  175  188  192  189  182  175  168
  162  159  161  165  166  158  144  127  113  107  107  114  127  145  161  172
  176  172  163  151  136  123  113  109  108  108  106  101   96   92   86   79
   71   66   66   68   70   67   63   60   63   68   72   74   76   83   96  111
  124  132  138  145  158  176  197  214  223
    22.5-180.0 180.0   5.0 450.0                            LAT/LON1/LON2/DLON/H
  251  259  261  255  240  220  202  194  198  210  219  218  209  197  184  173
  163  158  158  161  161  155  143  132  127  129  137  148  163  180  195  204
  204  197  183  167  148  132  120  113  109  105  100   94   89   87   83   77
   69   65   65   69   71   69   64   60   61   64   68   71   75   85  101  119
  134  145  152  160  175  195  217  237  251
    20.0-180.0 180.0   5.0 450.0                            LAT/LON1/LON2/DLON/H
  277  294  310  319  318  304  285  270  266  269  271  263  245  223  202  184
  169  160  157  158  158  153  147  145  150  161  174  187  200  212  222  226
  222  210  193  173  153  135  121  112  105   97   89   83   81   81   80   76
   70   65   66   70   72   70   64   59   58   60   63   65   71   84  104  125
  144  157  166  177  192  213  236  258  277
    17.5-180.0 180.0   5.0 450.0                            LAT/LON1/LON2/DLON/H
  298  324  354  382  398  395  378  359  348  345  340  324  297  264  232  203
  181  166  159  157  158  158  159  166  181  198  214  224  230  234  236  234
  225  211  192  171  150  132  119  109   99   89   79   73   72   76   78   77
   72   68   68   71   72   69   63   58   56   57   58   60   68   83  106  131
  153  168  180  192  209  230  252  275  298
    15.0-180.0 180.0   5.0 450.0                            LAT/LON1/LON2/DLON/H
  312  344  386  430  464  474  463  443  429  423  415  395  360  316  272  233
  201  178  166  162  164  169  178  194  215  235  249  253  249  243  236  227
  216  200  182  162  143  127  116  106   95   83   72   66   67   73   78   79
   75   72   71   72   72   68   62   57   55   54   54   56   65   84  109  137
  161  179  193  207  224  244  266  287  312
    12.5-180.0 180.0   5.0 450.0                            LAT/LON1/LON2/DLON/H
  319  353  402  458  504  525  521  504  491  487  482  463  425  373  319  270
  229  199  181  175  178  188  204  226  249  268  275  269  256  239  224  210
  198  184  169  152  136  125  117  109   98   84   72   66   69   75   81   82
   80   76   74   73   70   65   60   57   55   54   53   56   66   87  115  144
  169  189  205  220  237  257  276  296  319
    10.0-180.0 180.0   5.0 450.0                            LAT/LON1/LON2/DLON/H
  323  354  402  462  514  541  541  528  520  524  528  516  480  427  367  311
  263  227  204  196  200  214  235  259  280  292  290  274  251  226  206  191
  180  171  160  147  137  130  126  120  110   96   83   76   77   83   87   88
   86   82   79   75   70   64   60   58   58   57   56   58   70   93  122  152
  178  199  215  231  249  268  286  303  323
     7.5-180.0 180.0   5.0 450.0                            LAT/LON1/LON2/DLON/H
  327  352  393  447  496  523  524  514  513  526  542  543  517  469  410  352
  302  262  235  224  228  244  267  290  305  308  295  270  240  212  190  177
  170  166  161  154  147  144  143  140  131  117  103   95   93   95   97   96
   94   90   85   79   72   65   62   62   62   62   61   64   77  101  131  161
  186  206  224  241  259  278  296  311  327
     5.0-180.0 180.0   5.0 450.0                            LAT/LON1/LON2/DLON/H
  334  352  382  424  462  482  480  470  473  496  526  541  529  492  441  388
  340  300  272  259  261  276  298  316  324  315  293  262  231  203  184  175
  173  175  175  171  168  167  168  167  159  146  131  121  115  113  110  107
  104  100   94   86   77   69   66   67   68   68   67   72   86  111  140  169
  193  212  229  247  266  287  306  321  334
     2.5-180.0 180.0   5.0 450.0                            LAT/LON1/LON2/DLON/H
  347  359  377  403  426  434  425  413  417  445  484  513  517  495  457  415
  374  339  311  296  295  307  325  337  336  318  289  256  227  205  192  188
  191  197  200  198  195  194  196  196  189  176  161  149  140  133  126  120
  116  112  105   96   85   76   72   73   74   73   73   79   94  119  148  174
  196  214  231  249  270  293  316  334  347
