data/data_IGM-A1_Vehicle_open_20211217-nsh/codg3510.21i
     1.0            IONOSPHERE MAPS     GNSS                IONEX VERSION / TYPE
ADDNEQ2 V5.3        AIUB                21-DEC-21 21:41     PGM / RUN BY / DATE 
CODE'S GLOBAL IONOSPHERE MAPS FOR DAY 351, 2021             COMMENT             
Global ionosphere maps (GIM) are generated on a daily basis DESCRIPTION         
at CODE using data from about 300 GNSS sites of the IGS and DESCRIPTION         
other institutions. The vertical total electron content     DESCRIPTION         
(VTEC) is modeled in a solar-geomagnetic reference frame    DESCRIPTION         
using a spherical harmonics expansion up to degree and      DESCRIPTION         
order 15. Piece-wise linear functions are used for          DESCRIPTION         
representation in the time domain. The time spacing of      DESCRIPTION         
their vertices is 1 hour, conforming with the epochs of the DESCRIPTION         
VTEC maps.                                                  DESCRIPTION         
To convert line-of-sight TEC into vertical TEC, a modified  DESCRIPTION         
single-layer model mapping function approximating the JPL   DESCRIPTION         
extended slab model mapping function is adopted. The        DESCRIPTION         
mapping function is evaluated at geodetic satellite         DESCRIPTION         
elevation angles. For the computation of the ionospheric    DESCRIPTION         
pierce points, a spherical layer with a radius of 6821 km   DESCRIPTION         
is assumed, implying geocentric, not geodetic IONEX         DESCRIPTION         
latitudes.                                                  DESCRIPTION         
Instrumental biases with respect to each involved GNSS code DESCRIPTION         
observable are estimated as constant values for each        DESCRIPTION         
day. They are modeled with one set of bias parameters for   DESCRIPTION         
each satellite and each station in case of GPS and for each DESCRIPTION         
satellite-station link in case of GLONASS. The code bias    DESCRIPTION         
datum is defined by zero-mean conditions imposed on the     DESCRIPTION         
satellite bias estimates. In this file, just GPS C1W-C2W    DESCRIPTION         
satellite and station bias values are included. The         DESCRIPTION         
complete set of GNSS code bias results is provided in an    DESCRIPTION         
additional Bias-SINEX file as pseudo-absolute values        DESCRIPTION         
specific to each observable.                                DESCRIPTION         
Note: These GIM results correspond to the results for the   DESCRIPTION         
middle day of a 3-day combination analysis solving for 73   DESCRIPTION         
times 256, or 18688 VTEC parameters and 3 daily sets of     DESCRIPTION         
GNSS code bias parameters.                                  DESCRIPTION         
Contact address: code(at)aiub.unibe.ch                      DESCRIPTION         
Data archive:    ftp.aiub.unibe.ch/CODE/                    DESCRIPTION         
                 www.aiub.unibe.ch/download/CODE/           DESCRIPTION         
  2021    12    17     0     0     0                        EPOCH OF FIRST MAP  
  2021    12    18     0     0     0                        EPOCH OF LAST MAP   
  3600                                                      INTERVAL            
[...]
bake bako barh bjfs bndy bogo bogt bor1 brft brst brux bshm COMMENT             
cags cas1 ccj2 cedu chpg chpi chti chur ckis coco cord cpvg COMMENT             
cro1 daej darw dav1 dgar dhlg drao dubo ebre faa1 fair flin COMMENT             
flrs frdn func ganp glps glsv gode godz gol2 gold gope gras COMMENT             
graz guat guug harb hers hert hlfx hnlc hnpt hob2 hofn holb COMMENT             
hyde ieng iisc ineg invk iqal jog2 joz2 joze karr kerg kir0 COMMENT             
kiru kit3 kokb kokv koug kour krgg laut lmmf lpal lpgs m0se COMMENT             
mac1 madr mal2 mana mas1 mat1 mate maui maw1 mcil mcm4 mdo1 COMMENT             
mdvj medi mets mgue mizu mkea mobj mobs monp morp mqzg mro1 COMMENT             
mtka nano nico nist nklg nlib nnor not1 nrc1 ntus nya1 nyal COMMENT             
ohi2 onsa opmt ous2 pado parc park pdel penc pert pie1 pimo COMMENT             
pohn pol2 polv pots prds ptag ptbb ptvl qaq1 quin ramo rbay COMMENT             
reun reyk rgdg rio2 riop samo sant sch2 scor scrz sctb scub COMMENT             
seyg smst sofi spt0 ssia sthl stjo stk2 str2 suth sutm suwn COMMENT             
sydn syog tabl tabv tash tehn thtg thti thu2 tid1 tidb tixg COMMENT             
tlse tnml tong tow2 tro1 tsea tskb tuva twtf uclu ulab unb3 COMMENT             
unbj unbn unsa urum usn7 usud vald vill voim wark wes2 wgtn COMMENT             
whit will wind wsrt wtza wtzl wtzr wtzs wtzz wuhn xmis yakt COMMENT             
yar2 yar3 yarr yell ykro yssk zamb zeck zim2 zim3 zimm      COMMENT             
                                                            END OF HEADER       
[from data line 2145]
     6                                                      START OF TEC MAP    
  2021    12    17     5     0     0                        EPOCH OF CURRENT MAP
    87.5-180.0 180.0   5.0 450.0                            LAT/LON1/LON2/DLON/H
   15   16   17   18   18   19   20   20   21   22   22   22   23   23   23   23
   23   23   23   23   23   22   22   22   22   22   22   21   21   21   21   21
   21   21   20   20   20   20   20   19   19   19   18   18   17   17   16   16
   15   15   14   14   13   13   12   12   11   11   11   10   10   10   10   10
   11   11   11   12   12   13   14   14   15
    85.0-180.0 180.0   5.0 450.0                            LAT/LON1/LON2/DLON/H
   11   13   15   17   19   20   22   23   25   26   27   27   27   27   27   27
   26   25   24   23   22   21   21   20   19   19   18   18   18   18   18   19
   19   19   20   20   20   21   21   20   20   20   19   19   18   17   16   15
   14   12   11   10    9    7    6    5    4    3    2    2    1    1    1    1
    1    2    2    3    5    6    7    9   11
    82.5-180.0 180.0   5.0 450.0                            LAT/LON1/LON2/DLON/H
    7   10   13   16   19   22   24   27   29   30   31   32   32   31   30   28
   27   25   22   20   18   16   14   13   12   11   11   11   11   12   12   14
   15   16   17   19   20   21   21   21   22   21   21   20   19   18   17   15
   14   12   10    9    7    5    4    2    1    0    0    0    0    0    0    0
    0    0    0    0    0    0    2    4    7
    80.0-180.0 180.0   5.0 450.0                            LAT/LON1/LON2/DLON/H
    4    7   11   15   19   22   26   29   32   34   35   35   35   33   31   29
   26   22   19   15   12    9    7    5    3    2    2    2    3    4    6    8
   11   13   15   17   19   20   21   22   22   22   22   21   20   19   18   16
   15   14   12   11   10    8    7    6    4    3    1    0    0    0    0    0
    0    0    0    0    0    0    0    1    4
    77.5-180.0 180.0   5.0 450.0                            LAT/LON1/LON2/DLON/H
    4    7   10   14   18   22   26   30   33   35   36   36   36   34   31   28
   24   19   15   11    7    4    1    0    0    0    0    0    0    0    3    5
    8   11   14   16   18   20   21   22   22   22   21   21   20   19   18   18
   17   17   17   17   17   17   17   16   15   14   13   11   10    8    6    4
    3    1    0    0    0    0    1    2    4
    75.0-180.0 180.0   5.0 450.0                            LAT/LON1/LON2/DLON/H
    8    9   11   13   17   20   24   28   32   34   35   36   34   32   29   25
   21   17   13    9    6    3    1    0    0    0    0    0    0    1    3    6
    9   12   14   17   18   20   20   21   21   20   20   19   19   19   19   20
   21   22   24   26   28   30   31   32   33   32   31   30   28   26   23   21
   18   16   13   11   10    8    7    7    8
    72.5-180.0 180.0   5.0 450.0                            LAT/LON1/LON2/DLON/H
   14   13   12   13   15   18   22   25   28   31   32   32   31   29   26   22
   19   16   13   10    8    7    6    5    4    3    3    3    4    5    7   10
   12   14   16   17   18   19   19   18   18   17   17   16   17   17   19   21
   24   28   32   37   41   45   48   50   52   53   52   51   49   47   44   40
   37   33   30   27   24   21   18   15   14
    70.0-180.0 180.0   5.0 450.0                            LAT/LON1/LON2/DLON/H
   21   18   15   14   14   16   18   21   24   27   28   28   27   25   22   19
   17   15   14   13   14   14   14   14   14   13   13   12   12   13   14   15
   16   17   18   18   17   16   16   15   14   13   13   13   14   16   19   23
   28   34   40   47   53   59   63   67   69   71   71   70   68   65   62   58
   54   50   46   42   38   34   29   25   21
    67.5-180.0 180.0   5.0 450.0                            LAT/LON1/LON2/DLON/H
   29   23   19   15   14   13   15   17   20   22   23   23   22   20   18   16
   15   15   16   17   19   21   23   24   24   23   22   21   20   19   19   19
   20   19   18   17   15   13   12   11   10   10   10   11   13   15   19   24
   31   38   47   55   62   69   74   78   81   82   83   82   80   77   74   70
   66   62   58   54   50   45   40   34   29
    65.0-180.0 180.0   5.0 450.0                            LAT/LON1/LON2/DLON/H
   35   29   22   17   14   13   13   14   16   18   19   19   18   16   15   14
   14   15   17   20   24   27   29   30   30   29   27   25   24   23   22   22
   21   20   18   15   12   10    8    7    7    8    9   11   13   16   20   26
   34   42   51   60   67   74   79   82   85   86   87   86   85   82   78   74
   71   67   63   60   57   53   48   42   35
    62.5-180.0 180.0   5.0 450.0                            LAT/LON1/LON2/DLON/H
   40   33   26   20   16   13   13   13   15   16   17   16   15   14   13   13
   14   15   18   21   24   27   29   30   30   29   27   25   24   23   22   22
   21   19   16   12    9    6    5    5    6    8   10   13   15   18   22   28
   36   45   55   63   70   75   78   81   83   84   85   85   83   81   78   74
   70   67   64   62   59   56   52   47   40
    60.0-180.0 180.0   5.0 450.0                            LAT/LON1/LON2/DLON/H
   44   37   30   24   19   16   14   14   15   16   16   15   15   14   13   14
   15   16   18   19   21   23   24   25   25   24   23   22   21   21   21   21
   20   18   14   10    7    5    4    6    8   12   15   17   19   22   26   32
   40   49   58   66   71   74   76   77   78   79   81   82   81   79   76   72
   68   65   63   61   60   58   54   50   44
    57.5-180.0 180.0   5.0 450.0                            LAT/LON1/LON2/DLON/H
   47   41   35   29   24   20   18   17   17   17   17   16   15   15   15   16
   17   17   17   16   16   15   16   16   17   17   18   18   18   19   20   20
   20   18   15   11    8    6    6    9   13   17   21   24   26   28   32   37
   46   55   64   71   74   76   75   75   75   77   80   82   82   81   78   74
   69   66   64   62   61   59   57   53   47
    55.0-180.0 180.0   5.0 450.0                            LAT/LON1/LON2/DLON/H
   52   46   40   34   30   26   24   22   21   20   19   18   17   17   18   20
   20   20   17   14   11    9    8   10   12   14   16   17   19   21   22   23
   23   21   18   15   12   11   12   15   20   25   30   33   34   36   39   45
   54   63   72   79   81   81   79   77   78   81   85   89   90   90   87   82
   77   73   70   68   66   64   61   57   52
    52.5-180.0 180.0   5.0 450.0                            LAT/LON1/LON2/DLON/H
   58   52   46   41   37   33   30   28   26   24   22   20   19   20   22   24
   25   23   19   14    9    6    6    9   13   17   21   23   26   28   29   30
   30   28   26   23   20   20   21   24   29   34   39   42   44   45   49   55
   64   75   84   90   92   90   88   87   88   92   97  102  105  105  102   96
   91   86   82   78   76   73   69   64   58
    50.0-180.0 180.0   5.0 450.0                            LAT/LON1/LON2/DLON/H
   66   59   53   48   44   40   37   34   31   28   26   24   23   23   26   28
   30   28   24   18   13   11   12   17   24   29   34   37   39   40   41   41
   40   38   36   34   33   32   32   34   38   43   48   52   54   56   60   67
   77   88   98  104  106  104  102  101  103  108  114  120  123  123  119  114
  107  102   97   92   88   84   78   72   66
    47.5-180.0 180.0   5.0 450.0                            LAT/LON1/LON2/DLON/H
   73   66   60   55   51   48   44   41   37   34   31   29   27   27   29   33
   35   35   32   27   24   24   28   35   43   50   54   56   56   56   54   53
   52   50   49   48   47   46   45   45   48   52   57   62   65   68   73   80
   90  101  111  118  120  119  117  117  119  125  131  136  139  138  135  129
  122  116  111  106  101   95   88   81   73
    45.0-180.0 180.0   5.0 450.0                            LAT/LON1/LON2/DLON/H
   79   71   65   60   57   54   51   47   44   41   38   35   33   32   34   38
   41   43   42   41   41   44   51   60   69   75   78   77   74   71   67   64
   62   61   61   61   61   60   58   56   57   60   66   72   77   82   87   94
  104  114  123  129  132  132  132  132  134  138  142  146  148  146  142  136
  130  124  119  114  109  103   96   88   79
    42.5-180.0 180.0   5.0 450.0                            LAT/LON1/LON2/DLON/H
   82   74   67   63   61   58   56   53   51   49   47   45   42   40   40   44
   48   52   56   58   63   69   78   88   95   99   98   94   88   82   77   72
   70   69   70   73   74   73   70   66   65   68   74   82   89   95  101  108
  116  124  132  137  140  142  142  143  143  144  146  147  147  145  141  136
  130  125  120  116  111  105   99   91   82
    40.0-180.0 180.0   5.0 450.0                            LAT/LON1/LON2/DLON/H
   81   73   67   63   62   60   59   57   57   57   57   56   53   50   49   51
   57   63   70   77   85   94  104  112  117  117  112  105   96   88   81   76
   74   74   76   81   84   83   79   74   72   75   83   93  102  109  115  120
  126  132  138  142  146  148  150  150  148  145  142  141  139  137  134  130
  126  121  117  112  107  102   96   89   81
    37.5-180.0 180.0   5.0 450.0                            LAT/LON1/LON2/DLON/H
   78   70   64   61   60   60   60   59   61   64   67   67   65   61   59   61
   67   75   85   94  105  115  123  129  129  125  117  107   97   87   80   76
   74   75   79   84   89   89   85   79   77   81   91  103  114  122  128  133
  136  140  143  146  150  155  157  155  150  144  137  133  131  130  128  126
  123  119  114  108  102   97   92   85   78
    35.0-180.0 180.0   5.0 450.0                            LAT/LON1/LON2/DLON/H
   75   66   59   56   57   58   58   59   62   68   74   78   77   73   71   73
   78   87   97  108  119  128  133  134  130  123  113  102   92   83   77   73
   72   73   78   84   89   90   87   82   81   87   98  113  125  135  141  145
  148  149  151  154  159  164  167  165  157  146  137  132  131  132  134  134
  132  127  120  111  102   94   89   82   75
    32.5-180.0 180.0   5.0 450.0                            LAT/LON1/LON2/DLON/H
   75   65   56   52   53   54   56   57   61   69   78   84   85   84   82   84
   89   97  106  116  125  131  132  129  121  112  103   94   86   79   74   71
   69   70   74   80   85   87   85   82   83   91  105  121  135  145  153  158
  162  163  165  168  175  182  185  182  172  160  150  147  149  154  159  161
  160  154  143  128  114  102   93   85   75
    30.0-180.0 180.0   5.0 450.0                            LAT/LON1/LON2/DLON/H
   83   69   57   51   50   51   53   54   58   66   77   85   89   90   90   92
   97  103  110  117  122  125  122  115  106   98   92   86   81   76   72   70
   68   67   70   74   78   81   80   79   83   94  110  128  143  155  165  174
  180  184  187  192  200  209  213  209  199  187  180  180  188  198  206  211
  209  202  186  165  143  124  109   97   83
    27.5-180.0 180.0   5.0 450.0                            LAT/LON1/LON2/DLON/H
  102   82   64   54   51   51   51   52   54   61   72   81   87   90   93   96
  100  103  107  110  112  112  107   98   90   85   83   82   80   77   74   70
   67   65   64   66   69   72   73   75   82   96  114  132  149  164  178  193
  204  212  218  226  235  245  250  247  238  229  226  232  246  261  273  279
  278  268  248  221  190  162  140  121  102
    25.0-180.0 180.0   5.0 450.0                            LAT/LON1/LON2/DLON/H
  130  103   79   63   56   55   54   52   53   57   65   74   81   86   90   94
   97   98   98   98   97   95   90   83   77   75   78   82   83   81   77   72
   67   62   59   58   60   62   64   69   80   97  116  136  154  172  193  214
  232  245  255  264  275  286  291  289  283  279  283  296  315  335  349  355
  354  343  321  288  250  214  183  157  130
    22.5-180.0 180.0   5.0 450.0                            LAT/LON1/LON2/DLON/H
  168  134  102   79   68   64   61   58   56   56   61   67   73   79   84   88
   90   88   85   83   82   81   78   73   70   72   79   86   89   86   80   73
   67   60   54   51   51   52   56   63   77   96  118  138  159  181  208  236
  260  279  292  303  315  325  330  331  329  330  341  360  384  406  420  426
  425  415  393  358  315  273  235  202  168
    20.0-180.0 180.0   5.0 450.0                            LAT/LON1/LON2/DLON/H
  211  170  131  102   86   79   75   70   65   62   62   65   69   73   78   81
   81   77   72   69   70   73   73   71   71   75   84   92   93   89   81   72
   64   57   50   45   44   44   49   58   74   96  119  141  164  191  223  257
  287  309  323  335  346  356  361  364  366  373  389  413  440  461  474  479
  478  470  451  418  375  330  289  251  211
    17.5-180.0 180.0   5.0 450.0                            LAT/LON1/LON2/DLON/H
  255  209  165  130  108   99   94   88   82   75   72   70   71   73   76   77
   75   69   64   63   67   74   78   79   79   82   89   95   95   88   78   68
   60   53   47   42   39   40   44   54   73   96  121  145  171  201  238  276
  308  330  345  356  366  374  379  384  389  401  421  446  472  492  502  504
  503  498  484  458  421  378  337  297  255
    15.0-180.0 180.0   5.0 450.0                            LAT/LON1/LON2/DLON/H
  295  248  200  160  135  123  117  111  104   96   90   85   83   82   82   80
   75   68   64   66   75   86   93   94   91   90   92   94   91   82   71   61
   55   50   45   41   38   38   42   53   73   98  125  151  178  211  250  289
  320  341  355  364  372  378  384  389  398  411  432  456  480  496  502  501
  499  497  491  475  447  412  375  337  295
    12.5-180.0 180.0   5.0 450.0                            LAT/LON1/LON2/DLON/H
  329  283  234  192  163  148  141  136  130  122  115  109  105  101   97   92
   85   78   76   81   94  108  116  114  105   96   92   89   84   74   63   55
   51   48   46   43   40   39   43   54   75  102  130  157  186  220  259  296
  324  342  352  359  366  372  377  384  394  407  425  446  466  478  480  476
  473  474  475  470  453  429  400  367  329
    10.0-180.0 180.0   5.0 450.0                            LAT/LON1/LON2/DLON/H
  354  312  266  223  192  174  166  160  155  148  142  137  133  128  121  112
  104   98   98  107  122  137  142  134  117  100   89   82   75   65   56   50
   49   50   49   47   44   42   46   58   79  107  136  164  194  227  264  297
  320  333  340  347  353  360  366  374  384  395  409  425  440  450  450  443
  438  439  446  450  446  432  412  387  354
     7.5-180.0 180.0   5.0 450.0                            LAT/LON1/LON2/DLON/H
  371  335  293  252  219  198  187  181  175  171  167  165  162  157  148  138
  129  124  127  138  153  165  165  150  125  100   83   74   68   60   53   50
   51   54   55   52   49   46   50   62   84  112  142  170  199  231  264  292
  310  320  326  332  340  349  358  367  376  384  392  403  416  424  424  416
  408  408  417  427  431  427  415  397  371
     5.0-180.0 180.0   5.0 450.0                            LAT/LON1/LON2/DLON/H
  382  352  316  278  245  220  205  195  189  186  185  186  186  182  174  164
  155  152  157  168  181  189  182  160  127   97   78   69   65   60   56   55
   57   61   61   58   53   51   54   67   90  119  148  175  203  232  261  284
  299  306  313  321  332  345  356  367  375  380  383  390  402  412  414  406
  395  391  398  410  419  420  414  402  382
     2.5-180.0 180.0   5.0 450.0                            LAT/LON1/LON2/DLON/H
  387  364  334  300  267  239  219  204  195  191  192  195  199  198  191  182
  176  175  181  191  200  201  188  161  125   94   75   69   68   66   64   63
   66   69   68   63   57   54   58   72   96  124  153  178  203  229  255  275
  288  296  305  317  332  348  364  377  384  386  386  392  404  418  424  417
  404  396  397  406  414  416  412  403  387
